10 10
0.17 0.95 0.33 0.61 0.28 0.04 0.77 0.49 0.81 0.11
0.58 0.41 0.73 0.15 0.88 0.22 0.99 0.37 0.64 0.52
0.91 0.25 0.50 0.07 0.79 0.43 0.19 0.85 0.31 0.69
0.03 0.47 0.82 0.39 0.68 0.94 0.13 0.56 0.29 0.71
0.44 0.18 0.97 0.27 0.59 0.84 0.35 0.09 0.75 0.51
0.21 0.66 0.05 0.78 0.46 0.16 0.89 0.32 0.98 0.57
0.83 0.30 0.67 0.93 0.10 0.54 0.24 0.72 0.40 0.96
0.53 0.76 0.42 0.08 0.36 0.90 0.63 0.12 0.55 0.20
0.70 0.14 0.86 0.48 0.23 0.74 0.57 0.92 0.06 0.38
0.65 0.34 0.99 0.59 0.16 0.80 0.45 0.26 0.62 0.01